0 0
0 455
544 455
544 0

372 289
373 288
420 288
421 289
421 347
420 348
373 348
372 347

62 57
63 56
139 56
140 57
148 57
149 58
155 58
156 59
160 59
161 60
165 60
166 61
169 61
170 62
172 62
173 63
176 63
177 64
178 64
179 65
181 65
182 66
183 66
184 67
186 67
187 68
188 68
189 69
190 69
191 70
192 70
193 71
194 71
195 72
196 72
197 73
198 73
200 75
201 75
203 77
204 77
206 79
207 79
213 85
214 85
220 91
220 92
224 96
224 97
227 100
227 101
229 103
229 104
231 106
231 107
232 108
232 109
233 110
233 111
234 112
234 113
236 115
236 117
237 118
237 119
238 120
238 121
239 122
239 124
240 125
240 126
241 127
241 129
242 130
242 132
243 133
243 135
244 136
244 139
245 140
245 143
246 144
246 147
247 148
247 152
248 153
248 158
249 159
249 165
250 166
250 173
251 174
251 189
252 190
252 214
251 215
251 229
250 230
250 239
249 240
249 245
248 246
248 251
247 252
247 256
246 257
246 260
245 261
245 264
244 265
244 267
243 268
243 271
242 272
242 274
241 275
241 277
240 278
240 279
239 280
239 282
238 283
238 284
237 285
237 286
236 287
236 288
235 289
235 290
234 291
234 292
233 293
233 294
232 295
232 296
230 298
230 299
229 300
229 301
227 303
227 304
223 308
223 309
209 323
208 323
205 326
204 326
202 328
201 328
199 330
198 330
197 331
196 331
195 332
194 332
192 334
190 334
189 335
188 335
187 336
186 336
185 337
184 337
183 338
181 338
180 339
178 339
177 340
175 340
174 341
172 341
171 342
168 342
167 343
164 343
163 344
160 344
159 345
154 345
153 346
146 346
145 347
133 347
132 348
63 348
62 347

102 89
102 315
130 315
131 314
141 314
142 313
148 313
149 312
153 312
154 311
157 311
158 310
160 310
161 309
163 309
164 308
166 308
167 307
168 307
169 306
170 306
171 305
172 305
173 304
174 304
175 303
176 303
178 301
179 301
182 298
183 298
190 291
190 290
193 287
193 286
194 285
194 284
196 282
196 281
197 280
197 279
198 278
198 276
199 275
199 274
200 273
200 271
201 270
201 268
202 267
202 265
203 264
203 262
204 261
204 257
205 256
205 253
206 252
206 247
207 246
207 240
208 239
208 230
209 229
209 210
210 209
210 192
209 191
209 174
208 173
208 165
207 164
207 158
206 157
206 152
205 151
205 147
204 146
204 143
203 142
203 140
202 139
202 136
201 135
201 133
200 132
200 131
199 130
199 128
198 127
198 126
197 125
197 124
196 123
196 122
195 121
195 120
193 118
193 117
191 115
191 114
181 104
180 104
178 102
177 102
175 100
174 100
173 99
172 99
171 98
170 98
169 97
168 97
167 96
165 96
164 95
162 95
161 94
159 94
158 93
155 93
154 92
151 92
150 91
145 91
144 90
137 90
136 89
